id,first_name,last_name,email,gender,ip_address
1,Mickey,Sansom,msansom0@slideshare.net,Male,43.141.16.161
2,Tandy,Giannini,tgiannini1@gov.uk,Female,109.105.138.69
3,Gregoor,Rothert,grothert2@wix.com,Male,105.209.127.199
4,Cobb,Ayree,cayree3@nbcnews.com,Male,49.43.50.59
5,Sharron,Posen,sposen4@clickbank.net,Female,165.150.109.84
6,Wye,Beever,wbeever5@cargocollective.com,Male,166.32.245.14
7,Saunders,Sorbey,ssorbey6@51.la,Male,156.201.26.59
8,Sayres,Casburn,scasburn7@scribd.com,Male,123.114.249.63
9,Cris,Ilchuk,cilchuk8@shutterfly.com,Female,17.63.132.74
10,Nickolaus,Lidgard,nlidgard9@over-blog.com,Male,22.203.198.145